1973
1945

1968
1919
1931
1932
1924
1964
1 июля 1950

1 июля 1954
20 октября 1952
1911
1 июля 1954
1974
1918
1916
1913
1935
1897


1955
1948

1947
26 марта 1966
1936


феврале 1968
1935
1979
1981







1981
1968

1948
1969

1914
1986

апреле 1980
сентябре 1976

декабре 1973
1962

1 июля 1967

марте 1972
февраль 1950








1986
1953
1933


1980


1953
феврале 1954
1966

1932
1953



5 декабря 2008
20 октября 1975



1968


2001

1958
2006
1964
1978
октябре 1967
2016

1970
1919
1974

1894
1978


18 декабря 1984
1975

1940

1938

1938
1940

1887


1981
1938
1940
1895
1940
1944
1938
1940
1952
2011
2011
1932
1944









1 сентября 1967


1 декабря 1956




1976

29 ноября 1953

1980
1978
1946
1964
1947
1938
октябре 1935
июне 1921


1939


2 января 1991




октябре 1946





1943

сентябре 1969

1921
1 октября 1947








1920



1955
1972




1971
1935




24 декабря 2008
1953
1951
1985
1956

1 декабря 1979
2013

25 ноября 1939



12 мая 1947

1973

1 августа 1969

1936

1968

1953


1951

1897
1931
















1927

1927

7 апреля 1946


15 февраля 1875

январь 1947


1944
1970
январе 1969


1984
1910
1895

1958
1937
1991
2007




1979
1890
1938


1 января 1920



1952
1956



1919



2003

1931


1918
1979


1953
1833
8 августа 1894
30 января 1956
1951
1933


апреле 1896



8 августа 1863


1970
1979
1953

1951

1946


1956
1979

1952


15 октября 1944
2008



1899

1982












1927
августе 1974



1955






















1955
1949
1972


1977









17 октября 1899
1970






5 октября 1935

1948











1951
1980


1968
1930
1956



1984

феврале 1969

1957

декабре 1967

1948






1952





1948





12 июля 1972



1969



1923







1954




1948
феврале 1981
1945
1967
1980
октябре 1899


1955
1 сентября 1953






мае 1953



1952



октябре 1981









6 декабря 1899

1932
1936

1 12 2013
1936





1930

октябре 1973
1935













1953
1938


2010
18 октября 2004


1981






1944
1950



1974





1932

1962

1899
1962
1986


1949





30 июня 1981
1963


1973

1985

1964

1930





12 февраля 1897


1929
октября 1932









1914








1951
25 февраля 1980








20 января 2012

1946

1895

сентябре 2010





1947




1953
1950
1952

1947
1955

1956
1975
1940


1985



1952

1 января 1969
1975
1968
1901
1956
1925

1925







1901



6 января 1966



1946

1926




1990



1927





1947

1962



1949

1949







1956



1948







март 1915

1958
1989


1899

1955
1904




1966
1976


1961
1931
1986




марте 1969
12 апреля 1967
1964


25 декабря 1965




1956
1945




1949

1 августа 1955




1 февраля 1995
1995


1927







1990
1988
1911
1981
июль 1955

1950



1968


5 февраля 1943




3 мая 1956
1956


июне 1971





1952


2001

1947






1934
1934





1950


1938

август 1970
1956

1932






1969
16 февраля 1897




24 апреля 2012
1954
1972

1965


20 февраля 1969
2013
1925

1977
1966
1897

1921

1945


апреле 2005



1950
1907
1968
1953

1930

7 октября 1906
1904






1983
ноябре 1966



1949
1944



3 08 1929

10 октября 1951






1989
1965
1967





1 сентября 1968
27 ноября 1952

1968
1968
1981
1984
1969
1955
1969



1927

30 ноября 1918

1962


8 марта 1936

марте 1974

2011



1936
1968
1948

7 февраля 1963
1966









1959


1969
1983




1966
1981

1979
1966
1969


1978

1980
1979
1971

1894

1969

17 июня 1975


январе 2011
1955
1967
1965







1 января 1969







1977





1958








1954
1952
1955
2 сентября 1970









1952

1989







1975


1947



1975









декабре 1944

1963






1979

1979



2006




декабре 1951

1967
1982
1962



1937


1929
10 февраля 1883
1953
1960

1924


1952
1959

2006



июне 1920
1970

1952




1920
1945
1976




1911

1953




1944
16 апреля 1955
9 ноября 1918
1975
1907

1925
1927
1971

1956
1969


1965




1952
1968
1956



1977
1944









17 апреля 1974

1955
26 сентября 1964
15 августа 1949
марте 1946










































6 декабря 1897




21 декабря 2011























1978









20 августа 1952
мае 1974










1910























































































































































































1900





1899






августе 1969





1 сентября 1975
4 ноября 1950






1906



1956
1980





1895







1979



1931
1950




1980

2005

1 апреля 1997





25 мая 1920














1915
1918

1972









1912




1965
ноябре 1980
15 сентября 1967
1953









1929
1903

1938
18 октября 1898






















1957
1956
1930
1950

1971




1898
1934
1953

1902



1936


1949
октябре 1966


1955



1936


1924


1986

1979




1953
1905

1863
1940
августе 1970



1962



1962
1958
1971
1967
1955
1951

1930
1951

1898
1901
1965
1968
1898














1980

1943
1951
1977





1962
1934





2012

мае 1860
5 ноября 1988










1969
1926
ноября 1942
1934




1959







1927


октябре 1974


1968





1833

16 мая 1935
ноябре 1955

















2008





1951


декабре 1920












1934
1934
1934


1 октября 1951


1918

28 сентября 1962

16 сентября 1965
1986
декабре 1970
2011



1978










































1965

1962
1949
1950
1936






1972
1967

2002











1930

1950
1948
2014
1962

1950
1931


1947
1967

1951
1896


1959






1969
28 августа 2009
1957


1987


1965



1952



3 февраля 1931





























1955




1936
1935






















1975
2006
1941

1953
13 марта 1992





1795



1947
1943


1930
1931




4 марта 1831
29 марта 1919





18 октября 1954



24 ноября 1976






12 апреля 1921
1860
1830

30 июля 1957





1919
1969






1864


сентябре 1905
31 марта 1898









1953



1930

1952

2011
1 октября 1970



1934




2011



1980




















1955










1938
1919



















1973











1942


1986
1962










1 октября 1955


1936
1951

1942
1967


1946







1967



1949


1 декабря 1973



1948



11 января 1988
1952

1978



1955
1955


27 ноября 1979



1947








































































1934












март 1945










1936

1953






































































































































1952


1935

1965
1952
1959
1935
1960






















2011


2011
1931
1950

1954
1956
1936
1922
1958

1974
1927

1976


1985

1965
1969

1936
1946



1969
1930






1962


1952




1939
1976
1934
1999





















1974

1973



1980











1970
1945




1954





1921

1949




2009



1952
1954

декабре 2013
1953

1905
1902

5 сентября 1897
1934
1869

1943






1914
1969
1929

1947
1948
1943
1946
1980


1943

1936





1945




1949





1950
1941
3 июня 1953
1 апреля 1952


1996

24 ноября 1934
2007

1 января 1979

1930


1980
1968
ноябре 1896
22 июня 1860
1903



1950



2007
1934

1 октября 1927
1953




1978
1937




1921
12 декабря 1881




1903





1935






1923
1 января 1950







1947


1981


1902


1972
1958

1985
1976
1980
1974
1972

1870
1989
1974
1979
2003



1796
25 июня 1957
1935

6 ноября 1927

25 марта 1950
1982




1961
1950

1981
1960
1992
1966
1969

1956


1923


1971
1958
1950
1964
1955
Февраль 1942
1950
1958
1949
1952
1971
1948

1952

1967
1973
1955

1920
1953
1961


1967

1972
июне 1954


1979
1936

1981


31 января 1968
1968
1 сентября 1968

1951
1985
1916

1936


31 октября 1972

1957

1 октября 1950
1935



1987

1929
12 августа 1946

1950
1896




1934




01 февраля 1968





1977




октябре 1969

1936
8 января 1979

1968
1898
1967





1975

1919















январь 2006

1924
1 января 1957

1961
1951
1895
1953
1945




2008

1927
1912
1922
1922
ноябре 1911



1930
1933






1911



мае 1976

июле 1897


1911
1 марта 1954
1901

1957
июне 2013
2010
1 января 2015
1976
1976
1952


1952


1924
1953




1953
1970




5 октября 1956


октябре 1904







январь 1925



1974
1972
1978
1987
1978







28 ноября 1938





1972
1978
1957

19 февраля 1900




1877

16 декабря 1976






октябре 1924







1949
20 ноября 1955
1951

1974


1952

1951

20 октября 1982
1966
20 февраля 1969

1987
1954
2012


1955

1932



1961
16 ноября 1952
1 августа 1956
1 января 1963



1959

1967
январь 1958


12 января 1967

1950
1979











8 октября 1952


октября 1948




1968
1998

1933



1994


1991
1970
1967

1947

1950
1953

1973


21 октября 1974





1989

1956


1958
5 ноября 1901





1968
1912




2005
1950
1973
1955
1958
1978
1955
1949
1958




1992
1 мая 1953
8 ноября 1900

1934
1953
1953



1988


1847

1910



1929





5 августа 1969
1939

1956
1960

декабре 1972
1990







1933



1944
1921

1982
1972
1975
1967



1923

15 мая 1918










1 апреля 1997
1956







ноябре 1961






























1921

28 октября 1954
12 декабря 1978



1956





9 февраля 1905















1976


1930
мае 1921



5 ноября 1906


1962



августе 1971
1938
5 марта 1897

1955
1964




1932
16 февраля 1960
1939





1936


1901


1974
1920


октябре 1969

1974



1955








1918

1969
1952

1934
18 октября 1879

1967
1957
1961
10 ноября 1929
1968
1974
1955
1972
1958
1972

1937
1932
1928


1936





1983
12 апреля 2016


1943
28 декабря 1952
1945
1862
1867
1978

1946

1953


1896


1 июля 1947



2007
1934
1949
1939



1955

1920


1952

16 июня 1896
1970

1977




1978
1960

1949



2007














1944
1952


1978

1979
1957




1949
1920

2005


1971
1971





7 августа 1949


1952




1950




1956
1958

1905
1895
1948

1907
24 февраля 1950
15 февраля 1953






01 11 1955


1953

1913
12 августа 1961

1959

1957
1 мая 1872



1929


марта 1949


1956
1983
22 ноября 1968
1945
1969
январе 2004
1903


1892
1947

1969
1935

1950
1989

25 ноября 1977
1947
1966
1925
1 октября 1932
1938
1962
1914
1 января 1949
1968
27 февраля 2009


1900

1946

апрель 1949





1967
1923


1936




1987
1936



1937



1967



21 мая 1936

1956
1946
1 июля 1979
1932
1958
1952
1954
1938
1952
2010
1942
1949
1949
1958
1955
1950
1945
1960
1943
1935

декабре 1976



1958


1938

1930
1 августа 1978




28 августа 1952
1 ноября 1955



1939



20 декабря 1971
1948

1867

25 ноября 1896

1959
1961
1988
1937
1956
1945

1971


1986
1 октября 1962

1932


1919








1977
2010

2002
14 декабря 1979

1930


1939
1972

1974


1934

1938


1937







1955
1969



1979
14 сентября 2000
1966

1979

21 сентября 1961
1 июля 1954
1 сентября 1961

1981
25 марта 1836

30 октября 1954
1 января 1873





1918


29 марта 1939


марте 1978
1952
1970
1964
1890

августе 1969
1975
1 июня 1949


1968

1929
1978



1962
1 апреля 1959
1936

1918


мае 2005
1946
1949
1992
1925
3 ноября 1959



1953
1974




1966
1971
1946

25 декабря 1952





10 сентября 1952




1973


1954



1976
1794







1 июня 1952

1969


1953




1914
1955
2009
1946
1937

1958

1970







1988
14 мая 1920




1952
1950


1945

1951
1950


14 апреля 1896


1920
1946



1937
1967

1951




1986

2009

1923




2010
2011


2010
декабре 1919


1986

1955
1954

1954
1 июля 1952



1953

1949

1963
1946
1939


1968


1949
1944
1950



1918


1959

2014


2015
16 июля 1946
1934
1994
1956


1961






1968


1922



1951
11 декабря 1950
1970






1949
1977
01 марта 1952
1967


1923
1947


1913
1959
1950
1987
1938
1952
1 сентября 1967

1986
1978

1935
1983

1972

1918

1950
1982

1948
1 июля 1954

1954
1924
ноябре 1971


01 июля 2005
1 сентября 1973
1 июля 1966



1954


1951

12 мая 1949

1978
1964
1901
1953

1957
1946

1952

1950
1949








1914
1941
1940






1955


1965

16 ноября 1967
1957

1956
1923
1914


1985
1971

1970

1938



1962
1935
1971
1974

1954
1955
1930
1956


1953
3 апреля 2007

1953






7 июня 1990
1 сентября 1998
1950
1950

1951






7 июня 1990



1916

1976

2009
1981

1976


1980

1959







1 августа 1979

1918



1978


24 сентября 1990

1988
1937
1935
1984
1988
феврале 1992


1962
1971
марте 1971


1936
1952
1918
1938
1968
1931

1953

1991
10 февраля 1987
1868


октября 1979





1968
1982

1980
1953
1956
1965
1973
1938

2004
1968


1977


1968



1972

1929
1974

1965


5 сентября 1955






1945

1938
1921
1908




1968
декабре 1943


1953
1948
1953
















1953



1962

1981
1972
1984

2014

1967
1969
январе 1942

1936
1978


декабре 1985
октябре 1976

ноябре 1988
1982










1949

1962
1987
1983
1974
1975


январе 1987




1955
1961

1940


1951



1980
1949
1969





1944


























1922
1930
1965
1964
1918
1930
1954
1930
1936
1924
1954
1896
1952
1952

1948
1961
2006
1964

1980
1979



1945
августе 1950
1955
1924

1977
1971
1963
28 декабря 1984





1961
1945
1953
1956


18 апреля 1980

1950
1948
1976

1983
1968

1898

1957




1936


1950


1915

1966

15 октября 1957


1919
1936





1950
15 августа 1951



январе 1956

сентябре 1923

1970
1986
1921
1935


1982

1939

1930

1934
1925




1895



1946
15 марта 2004

1955

1989
17 ноября 1937







1958
1971


1990
1960
1958

1923



2013


1955
1957
1903
1975
1961
1954
1953
1970
1947

1957




1934
1946
1954
1978
1935

1949


1938


январе 1897


29 августа 1974

мае 1937
1954


1948

1971


1 июля 1951
1954
1968
1988



1903






1904
1950

1930
6 августа 1946
1977

11 декабря 1901
1947



1956




16 октября 1962

15 декабря 1954

1980

1973

1926
1932


сентябре 2007
1929
1999

23 мая 1923
1927

1933

8 декабря 2006
1978
1934
1 августа 1983
1928
2013


мае 1994
1920


1937
1947

1936

1 июля 1955


1930
1968


1923
1 февраля 1861
1995
1977
1962
1956
1956

1932


1934
17 декабря 2014

23 марта 1998



1996
1950

22 мая 1954

1960
1931


1895
1958
1968



1948


1957



7 сентября 1954




26 июня 1952
26 августа 1953
1920
9 августа 2016


1975
апреле 1969
1956
1919




1861

1897
1980
1928
14 июня 1923

1947
1976
1933
1965



1953

1954
1966
1934

1930
1919
1952

1966
1983








1965
1949
1974
1908
1 октября 1976
1990



1956
ноябре 1967



1909

1935

1909

феврале 1919

1976

1970


феврале 1970
1927

01 10 2014
28 09 1965
1975

29 09 1961

1939





1 января 1923


декабре 1918
1925
1974
1920
1873

1946
28 декабря 1900
5 июля 1924
1947
1932


1990
1969
1898
1963
1986

1935
1966
1971
1958

1991

1978
1958

1929


29 03 2007




1966
1957
1950
1953
1967
1935
1968



1949


1960

1946
1969





1954
1935

30 ноября 1931


1974





1989
1 сентября 1983
1895

марте 1936
1898




14 января 1858

1970



1967










15 сентября 1949
1972



1956


1950




1937
1 января 1953



1 января 1955
1951


1946
1928






1950
1998
1952
1961

1960
1949
1953
1956
1954
1985




1961

1954

1 сентября 1948
1968
1 сентября 1961
сентябрь 1956




1930
1931



1934
1923

1970
1937
1970
1931

1963

1948
1950


1942




1971
декабря 1899


1936

1957
9 ноября 1950
1947

1948

1950

1929
1956
1 сентября 1970
1947

8 декабря 1936





1969
1939


1999
1957
1945
1945
1993

1921



1960
1948
1950

1928
1950
1946
1970

1949
1 мая 1948
1976


декабре 1954

1968
1968
1965


февраль 1944
1957
1949

1940
1968

1931


1950
1932

1928







1952



1938
декабре 1905

1995
1934


1932

1928
1952


26 января 1956


1960
1862
1954



1946


1966




1961


1947

2016
1955

1920


ноябре 1927



сентября 1953
1935







1971
1970



1958

2012



1981

1962


1920


1943


1976
1969



июне 1982
24 августа 1976
1962
1967

1946
17 февраля 2017

1932
декабре 1936
1989
1954
1930
августе 1971








1932

1985
1988


2012




1954






сентябре 1979




1963

1924
1 января 2015

1935






1934
1919


1948

1950





1913

1945

1958



1960
1977
1968

1908
1974

2005
1960













1891

1967



1975


1950
июле 1946




1972





1935

1918
2010
1966
20 октября 1945

1972
1957
1967
1969
1966

1954
1963
1975
1950




1949

июне 1955







1980
1962


1917

1935
1898
21 ноября 1902
1925







1955



21 апреля 1967





1960



1966








1979



1955














1 января 1915
1983
августе 1956


1966










28 октября 1939

15 октября 1978





1923

12 ноября 1952











1992


1930
1953



2016



9 февраля 1897

1934


1956
1943
1950

2003



1939




1936
1929


1966
1976







апреле 1968

2000








1936
1946

1897




1976


1939
1947


1983
1940

1968
1960




1852
1930
1984
10 января 1865

2010
1953
1980
1945
1965




апрель 1949



1946
1938
1947

1965
1987



1990
декабре 1954
июне 1957



30 октября 1968



1951
08 09 1950
1925



1989





1 сентября 1951

1955
1875
12 ноября 1980
1904



1992
15 января 1882
1938
1924
1921
1970

1969


декабре 1953
1967
1961
1970
1972
1969
1950
1 января 2014
1968
1984



1952

1984

1921

1963

1889
1884

20 сентября 1955


1954

1926



1953



1968
1968

1954

1962
4 февраля 1902


1950

1934
2009



октябре 1946
апреле 1944



1955









1 июля 1957
1967
июне 1947



21 января 1969
1974
1957
6 июня 1973

1951
10 мая 1945

1952

1948

1987


1950
1919





1931

1955




1956

октябре 1946
1952
1954
1979
1967

1972

1938

1947
1967

1952


1960



15 июня 1944
1959



1947
1947
1966
1980


1969
1974

1919

октябре 1966

1966
1968
1967
1966
1967
1997
1969
1967
1966
1966
1935
1952
3 июня 2013
1950
1951
августе 1979

1974

1952
12 01 1973
2012

1980
мае 1979
2003


1897

1947
1965
1967


1966
1956





1977
1 августа 1968



25 декабря 1962

1979




1 октября 1912
1970
1956


2016


1951
1953


10 июня 1936


ноябре 1935
1961

1975
1 октября 1923
1952
9 февраля 1970
23 марта 2007

1 августа 1975
30 октября 1960





1952



1963
24 ноября 1949

1991
1962







1922







30 июня 1895
1 апреля 1909

20 февраля 1956
1 сентября 1889



2010
1968


1986
1955
1947



7 июня 1948
1970
августе 1969
1976
1994


1934
1975



1963



15 марта 2017
1996



1974
12 июня 1946





3 декабря 1985
1962
1927





5 мая 1946

1894



1987
26 мая 2015
январе 1905


1954
октябре 1930

1940
1949


1996
1937





марте 1994


1957

1977
1961

1953
1999






1974
1957
1963
1958
1930
1951
1930

1960
1932
3 декабря 1923



1986



1946



1974


1949



1966


1958
1966

1954
1959
1958

1954
1947


1949

1949
1980
1980
1982

1948
1959
1975

декабре 2009
25 сентября 1973
1 января 1977
1975
12 августа 1954


1975
1994
1926





1974

1974
1956



1965
1945

1945
1939
1959
29 сентября 1954
1952

1951
1948
1968
1964






1928




1953



1950
1963
1949



1948

1949

1949


1932
1962

1986


1953
28 января 1958




1923
1968
1951


18 апреля 1946

1919
1972
1945




1952



1 июня 2006


1958






27 ноября 1897
1985

1992


сентябре 1967

1962
1963

1960
1933
1960
1965



1957


12 сентября 1924
2011
1954



21 октября 1987


1991



1965
1959

14 марта 1917

21 сентября 1896






2007






1957





1975

17 сентября 1991
1991

1959

1918

1965

1995


апреле 1985





15 сентября 1975

10 мая 1960
1999

1930

1950
1950





1964




1902

1936
1992
1991
1970


21 декабря 1958



1960
1981
30 12 1969
16 апреля 1959
1931
15 февраля 1951
8 октября 1948
1923
1958
1 августа 1972

июля 1975
1927


1965

09 11 1947


сентябре 1969
10 01 2001
1945



декабре 1920


1921
1995


августе 1977




17 февраля 1972
1943





1955


1962
23 мая 2003
1870
1971

1955

1947
1952

1935


1 августа 1969
1967
1958
1970

1 февраля 2008

1978
сентябре 1967



1963


1975
1963
1963



1990
декабре 1961
1926

1966

1997
марте 1966



1969
21 сентября 1951





2 января 1974




1860

1982



1 июля 1986
1935



1914
1972
мае 1980



23 июля 1951



1981
1 января 2011
ноябре 1987
25 мая 1980

18 апреля 1944
мае 1978


1985
декабре 1988

1922

5 июня 1982
1948
1897
1948



26 июля 1813



1 апреля 1899


1938

1893
2004

2009
1952

1955
1949
1938
1896
1928
1955


1966

1979
1966


2001

1958

10 12 1942



1958


1949



1957
1961
1960

02 июня 1974


1936


1968

1954
1948




22 июля 1952
1946
1957


1 августа 1961
1994

октябре 1921




1980
1951















2002
12 мая 1973

1969
1977
1962
1975
1957
1968
1962
1953
1939


1966


1950

1911

1983

1966


2012









1914


1951
1948
1958

1 декабря 1972



10 сентября 1953
июле 1919



1938
октябре 1951


1968


1947
1954
1974
1970
1953
1948
1951
1971













1953
1976





1972



15 марта 1937


1970
1922


1946
1934

1930
1967
1955
1953
1949
1942
1986
1943
1985
1959

1923

декабря 1946


ноябре 1967




1947
1963
2010

1946



1998
1919


1962
1964
1964
18 сентября 2014



1943
1939


2006

августе 1939
1917


1946
1973

1979


1971
1949


1970
августе 1971



2 августа 1952


1 марта 1955





1911
1960

1967
1908



1952



1953

1921
1945



1972
1965
1946
1902

1955
1935


1944


1898
1977
1928
1952
1947



1969
1964
1 марта 1994


1937
1952
1903
1 августа 1951

июле 1897
1953


июле 1955


1962



1980

1940
1904
ноябре 1895



1955
14 октября 1986
16 августа 1965


1962
1955












1953
1934






1977


1957


1978

13 ноября 1950





1964




1931

1944


1949

1971


1 марта 1966





1968

24 марта 1949
октябре 1958

28 декабря 2015
1934
1930


1 мая 1952
2 сентября 2013
январе 1956

25 октября 1945




1947

1954

1987

1896




1944

20 июня 1946
1998
1946
1926
1951

1968
1963
1947

1948
1951
октябре 1946


1962
1895
1967
1977

1949


1956

1948
1982



1950
23 августа 2003


1946
1960

1974
1975

2 сентября 1935
1936
1893

22 декабря 1911
1935












1969
сентябре 1947
5 сентября 1974

1954



1958


1936


1981

1947
1972


1990



1958


15 сентября 1951
мае 1945
1967
1928


1951

1934

1954

1966

14 марта 1971




1955
2018
1936

1952
1952
1946
1942




1958

1955
15 ноября 1978
ноябре 1953


1969
1974
1990
1975
1984
1983
1938

12 августа 1969





1937




1984



1951
1953
1957

1951

1954
08 января 1956
1975
1949



1934
январь 1896


1931

1910







5 октября 1970
1936

1938
2015

1919


апреле 1953

1939


1922
1 сентября 1920



1930
2011

1921
1924
1907

1955




1950

1983

1967

1921

1918
сентябре 1973
25 октября 1966


1955
1980
1941
1938

1937

1955
1913
1848




1946


1918
1981



1965
2011
1 августа 1950

1954
1970
1903
январе 1950

1959
октябре 1971
1 июля 1987
20 мая 1948
1930
1982
1953
28 июля 1950


1982
1973


1953

1971


1887
1962







1960






августе 1953











2007

1968
1954


1959

1932
1985


1968
1960
1984
15 апреля 1947
1 июля 2017



1990
1899
1952



1953
августе 1953
1 марта 1960

сентябре 1946
октябре 1953
1956
1976
1971
26 августа 1944
1958


1954

1970
2009
1937
1960
1950



1957
1967
1910

1954
1932
январе 1903



1972
1979


1979


1968

1922

1936

1937


28 сентября 1970


1895
1922
1938

1951
2009
1973
1928


1901

1921
1928
1948
1909
1932
1919
1950

1937





ноябре 1952


1968


1924

1962
1957
1981
1948



1938


1970
1998


1957

1966
1955

1935
1933
26 марта 1879




1961

1954
1942
1904
1890


1978
1953

1972


1952
1918
1956
1922
1953
1954
1934
1955


1937
1924
25 ноября 1919
1937
29 декабря 1902



1969
1956
1971

1948













1950

1944

1963
1935


1965

сентябре 1965
1964




















1966


16 ноября 1982
1947


12 августа 1947









1902
1929



1966
1966

1962
1954


1974
1968

1972
1967
1936
1969

1982

1956
1933
1927



1887

21 декабря 2012
2012
1 августа 1953



1953




1949
1965

1952

апреле 1942
июле 1952

1923





1953
августе 1951
1953

1887





1955
1930
1967
1950




1934

1990
1946
1975
1953
1954

1974
1956
1934
1956

1956
2017
1952
1951
1979
1956
1929
1974
1954
1953


1 января 1932
1967
1934
1950
1904
1957
1986
1967










7 февраля 1899




1958


1978
1994
1974

1935
1940
1935

1979






2004
1896
1962
1895
26 июня 1974
1 августа 1951
5 июля 1953
1975

1946


1950
сентябре 1972

июне 1984
1876


1948

1975

1938


1980

1 августа 1972



1952
1950
1907


1978


1965


1930
1918

марте 1898
1893
1938
1930
1 сентября 1966

апреле 1953
1957
1999
1969

1981
1948
1986

1973

28 ноября 1967

1967


1978
апреле 1918
1970
1967

1994
2013
1985
1954
1955

1945


1947

1927




1951
1953
1952
1956

1954
1966
1 июля 1954
1936

1953
1965

1 ноября 1897






9 февраля 1897
1929


1954



1939
1955

октябре 1940
1968
сентябре 1984
1966
16 мая 1987
1949
1972
1938
1972

1952


1 января 1994
25 октября 1919
11 сентября 1962


1904

1955
1996
1944

1977
1952
1986
1947


1960
2007
29 мая 2007
2006




октябре 1955
1912

1969


5 августа 1954
30 декабря 1901




1970
декабре 1997

1985


1951
1975
1 апреля 1945





1924

1954
1953

1980
20 апреля 1968

1972


1923

октябре 1918
1953


1953


1948



1 августа 1957

1953




1939


15 июля 1894

1987


4 июля 1982
1924
сентябре 1946



1 августа 1971
4 июля 1955
июле 1953
01 июня 1999
1905


1994



01 04 1965

01 06 1990

1958
2 мая 1947




1990

1928




1999

22 августа 1913
1979
ноябре 1957



1943

1932







1948
2 января 2017
1973
1973

1978
1944


1919
1953
13 января 1921

12 января 1914
1953
1937
2002
25 августа 1988
1910

1910
1939
1965

октябре 1971
1975

1 января 2011

1958
1956
1946
1961
2016

19 сентября 1987


мае 1955


15 июля 1971


1928
1934

1936


1972

1952
1908
1962
1977

1970
июле 1952
1 января 1972


июне 1951
1910
1967



1952
октября 1946



1926
1948
3 декабря 1979

21 мая 1913
1920
1954
1946



1955
1 марта 1935



1 апреля 1950

1936
6 февраля 2006


феврале 1938
9 октября 1896



1928
1956



1946
1952
12 июля 1988



2015
1948



декабре 1979

1953


1955
1960





1971
21 января 1920


1919

январе 1967
15 января 1964
07 06 1971
20 09 1974
1966

1902

ноябре 1970
1953


15 сентября 1958
1960
1991
1896
1911
1949


2016
17 мая 2016


1944
15 ноября 1898
1980
1942

1 июня 2016

1969

1954
1934

1934




1955
ноябрь 1903
августе 1970
1955



06 06 1899

23 февраля 1969

1950



1955
1972
1972
1952
1936

1971


1941
1 декабря 1972

1968

21 декабря 1929
1950






1942



23 января 1967

1952


1951
2 ноября 1946




1953


1954


1976


1974
2008

1935




25 сентября 1955
1929
1938
октябре 1949


10 января 1957

1952

1954
1947
1962
1939
1939
1967
1934
1965
1930
1948

1940
1947
1936
1957
1929
1930
1937
1937
1973
1950
1969
1924
1930
1930
1930
9 апреля 1987
1 мая 1955
1930

1896
01 03 1994
1966
1997
1977
14 февраля 1975
1930

1952
1930
1964
8 марта 1987
1975
26 10 1984





1908
1 октября 1920


2005
1934

1978
8 декабря 1946



1973


1959

1976

1964


сентябре 1973


1938
1 января 1965
1894
27 января 1956

1919

1941
апреле 1954

1968
1935
1970
1918
1968
1943
1906

1920


1948



1940

1982


марте 1970
1975
1943

15 октября 1953
1942






22 июля 1979




1967

1920


1941
1953




27 июля 1950
1970

1932

1901
1903
1987












1971

1933
1952
1957























1968


5 декабря 1970
сентябре 1948
1953
январе 2006
1 июня 1998


1 сентября 1954
1 июля 1951
1925






1974






августе 1955















сентябре 2017
1 сентября 1955
1951


25 октября 1947
1949
1925


1956


2009

2009
2010

2011

2010
1936
1928
1950
1936




2009
25 октября 2006

2001
1960
1950


1946

1953
1919
1903
1954
1935

17 августа 1944

1954
13 декабря 1946


1903
1943



1924

1958
1997
октябре 1984
2002
1933



1995




1939
1957
5 февраля 1955
1974

1969


1971

1957
1937

1936
1945



23 01 1989
1969
1954
4 января 1955

1991
2011


1960

1940
1981

января 2015


1937

январь 2006

январь 1984


1975


1950

16 сентября 1976

1 апреля 1992
11 января 1996


20 февраля 1954

1983



1953

1981
1908

17 февраля 1967




1982
12 мая 1979


1945



1947

ноябре 1970
1988





1817




1971



1866



1 января 1958

1920


23 мая 1876

29 сентября 1891

1833
1 ноября 1991


1993
1961

1935




1969

1940




2005

6 декабря 1901







1940



1954








1959
1975


1954
1929

11 февраля 1965
20 декабря 1969












1897








2019
1965










1944
21 сентября 1961

1946
1950
1 октября 1976


1905

1972
1885




июле 2006


1929
1975
1975
1969
1970
1942
ноябре 1930



1961


1919

1956

1988
1975



1965
1973
1971
1975
1946

1922
1927
1921
1967
1911

1989

1974
1970
1974
1978

1970
1972
1967
1966

1974

1948

1954
15 мая 1897


1976
1 мая 1872
1961
1897
1970
1937
1932

1 июля 1952
1948
1932
1861
12 января 1896
1972




1964


1898
1955
1907



1920
17 мая 1957

1886





августе 1970

1953

1899

1947

1968
1983
1939
1977

1922


1952

1947
1927
1975
1943
1977

1971
1969
1964


1969
1967
1970
1985
1973








1976


октябре 1983

26 05 1959
13 июня 1896


1956



1979
сентябре 1974



12 декабря 1970






01 02 1956
29 октября 1921

1969

декабре 2003

1979





1965

декабре 1945
мае 1936
1900

1939


1946


1967
1945
1977



16 июля 1898


15 февраля 1957
1921


1954
1975
1893

1933


1952


1990

1935




1996


1957






1957


1982
1965
1962
1975
1958
1954
1924
1965
1947
1946
1960


1951
1952
1954
1953
1956
1957








марта 1938
1969
1975





1947

1960
1977
1966
1965
1973
1974
1974
1969
1968
1960
1976
1966
1927
1959


3 августа 1953
20 ноября 1946






1974







1948
1952
1950
1987
1979

1957
1947

1970
1953

1960







1964
октября 1971
1958

1953
1963
1935
1935
1967
1982




1964



1940








2017

1972

5 сентября 1902
1951
1966

1949
1991




1952

1906

21 июля 1951
1 октября 1980
1973

1966
1970


1897
декабре 1974

1976






1930








1975





1967

1985

1937
1956


1953



1956
10 ноября 1891








1 мая 1969


1972
1961



8 июня 1897

1966

1978

5 сентября 1952
1936
1975
1959
1962
1969


3 сентября 1947



1958
18 февраля 1899
1899
1969

06 11 1930

1972
1881
1960
2000
1940
1937
1940


1964
1 ноября 1897
1914

сентябре 1972
25 января 1935

1961

1947



1948


1903
1827


1966











1881
1973

1975


январе 2008


1952

1965

1918
1962
1967
1981
1951
1899


1 сентября 1956
1942
1930
1970


1940

1 октября 1954

2014



1949

20 сентября 2001

2014


1946

1967



13 августа 1973
июле 1977

1982




1961
1958
1953
1937
5 сентября 1902

1965


1979




1978
14 ноября 1895
20 ноября 1982

2005
1961
1920

1904
1961
1898
1918

1951


1979

1952
октября 1928
1982
1971
1950
1968

1957

1947
1924
1969
1950

июле 1953
1924
1924

1973
1944
1928
1947
1958
1936

1937
1976



1925
1926
1958
1985
1958
1958

1956
1974


1965
1962
1951

1984
1958
1936
1984




1986
1954
1971
1898
13 июля 1957



августе 1949
1938







1955
июне 1946




1964
1924

1958
1956

1956
1976
1952


1956
мае 1977
1965
1950
1951


1970

1952
1951

1917






1973
1972
1967





1948



1954


1909
1918
августе 1953




1954

1906

1968
1896



1982

1966

1954
1968

1968




1981
1970
1950
1966
1953



1966

1934
2019
1932







1974
2012

8 июня 1938

1930
1948




18 декабря 1942
1946
1976
7 июня 1948

1998
1985
1970


1970
1935



1999
1903


апреле 1954
1887


феврале 1970

1937
1944
1978

20 января 1913
1938
сентябре 1906


январе 1958

1972
1899


2011
1979


1956



1958
октябре 1927

1902



1923
1935
1954
1965
1955
1957
1980
1966
17 февраля 1899
1966
1956
1951
1958
1938
1938
1948
1932
1975

12 апреля 1900


16 апреля 1976
1955
1969


1973


1946

1952

1977
1962
октябре 1950


августе 1953

2000
1 апреля 2009

1947
ноябре 1951



октября 1932
1958

октябре 1964




23 марта 1902

1989

1927
1937






1953


1960









1918

1944

1955


1952

1968
1897
1980





1950



1948


1955

1954




2006

1975
1956
1956
1973
1954
1958

1955
1954
1951
27 июля 1952




1953
1952

1918
1883




1993
3 сентября 1955
ноябре 1954



мае 2000

1949
1946



1970
1971
20 мая 2019



1968
1947
1882


11 сентября 1946

1946
июне 1967
1975
январе 1943
1 февраля 1939
1939
1953
1 ноября 1943





4 декабря 1978
1966

1946


1950




1984
1947

1954
1935
1924
1940
1981
1926
1924
1926
1934
1924
1934
1984
1952
1924


1980






1953




1925
1948
1 августа 1976
1 августа 1971
сентябре 1969





1913



1956


мае 1960
23 июня 1959
1965

1912


1932

1956





1939

1938


1930
1952

1922
1949
1956
1939


1 июля 1985



1934


1954
1947
1946




1945




1926
17 марта 2001




1950
1896
1946
1952





3 июля 1953
1979

1920
1967
1937
1909
1945
1888
1955



1939
1933
1953
1968
1957
1965


1963

октябре 1960
1972
1973

1949

1969

1948
1951

1966
1967
1946
1955

1952
1928

1956

1949


1929
5 мая 1958

1913
1960
1906
1982
1997
1795
1976
1974
1909
1913
1960
1 августа 1969


1817

1971


30 апреля 1935
1924
1969

14 июля 1947

5 января 1978
1926
1936





25 октября 1968


марте 1961

16 июля 1958
1971
1 января 1966
1967
27 декабря 1975




23 октября 1949
1991



ноября 1956

1910
1969
1897
1909


10 февраля 1937
1915
1950
1937


1912
1911


1972
1910
1932
1935

1947
1991

1921
2011
1954





